401085947
401086513
401085906
401086514
401086515
401086516
401086517
401101473
401086016
401086518
401086519
401083316
401085956
401086520
401086002
401086521
401086522
401086523
401086524
401086525
401086526
401086527
401086528
401086529
401086530
401086531
401086532
401086533
401086534
401086535
401086536
401121706
401086537
401086538
401090664
401082532
401086539
401086540
401086541
401086542
401086543
401086544
401086545
401082828
401086546
401082457
401086547
401086548
401086549
401086550
401086551
401086552
401086553
401086554
401086555
401086556
401086557
401086558
401086559
401086560
401086561
401121704
401121701
401086562
401086563
401083064
401085753
401090413
401100194
401086564
401086565
401086566
401082674
401086567
401086568
401086569
401085982
401082623
401086570
401086571
401086572
401086593
401086594
401086595
401086596
401086597
401086598
401086599
401086600
401086601
401121705
401121702
401086603
401086604
401083746
401082840
401086605
401085755
401086606
401086061
401086286
401086607
401086608
401085627
401086609
401082601
401086610
401086611
401086612
401086613
401086614
401086615
401086616
401086617
401086618
401086619
401086620
401121703
401089718
401086330
401086641
401086642
401085754
401084616
401086643
401086644
401083329
401085997
401085980
401086044
401086645
401086634
401086646
401086647
401086648
401086637
401086649
401086650
401086651
401123941
401086312
401083022
401087290
401096967
401087291
401086340
401087292
401085757
401085955
401087293
401087294
401083918
401083863
401085761
401087295
401086633
401087296
401087297
401086638
401087298
401087299
401083244
401087300
401085949
401087301
401099938
401100034
401087302
401087303
401087304
401083942
401085878
401086660
401087305
401082573
401087306
401086635
401087307
401086639
401087308
401121700
401086329
401086621
401086622
401086623
401086624
401086625
401086626
401085623
401084617
401086627
401086628
401086629
401086630
401086631
401086632
401086636
401086640
401123393
401087316
401083547
401087317
401082910
401087312
401087313
401086313
401085875
401086303
401087314
401084059
401085725
401086735
401087315
401123398
401082547
401090381
401089920
401087438
401084692
401100818
401088983
401090001
401089934
401083367
401083070
401084733
401090325
401084747
401084753
401084759
401084624
401084765
401084770
401084777
401084781
401084790
401084792
401084798
401084806
401084811
401084634
401084820
401084823
401084829
401084834
401120713
401120716
401120717
401084642
401083959
401084652
401082897
401084684
401084689
401084694
401084028
401084703
401084710
401084729
401084743
401084750
401084760
401084656
401084766
401084775
401084779
401084655
401084629
401084791
401084799
401084800
401084807
401084814
401084818
401084826
401084827
401084638
401120710
401123413
401123425
401084648
401084674
401084685
401083603
401084701
401084706
401084711
401083531
401083111
401084725
401084734
401084742
401084746
401084749
401084756
401084757
401084763
401084767
401084773
401084782
401084786
401084793
401084632
401084808
401084813
401084822
401084830
401120711
401120715
401123719
401123712
401084643
401083106
401084681
401083529
401096908
401096912
401083479
401084712
401084715
401082979
401084731
401084741
401084745
401084751
401084654
401084771
401084778
401084783
401084784
401084787
401084631
401084804
401084809
401084815
401084817
401084833
401120708
401120712
401084646
401084650
401084675
401084682
401084688
401100242
401084697
401084702
401084709
401083515
401083275
401084740
401084752
401084623
401084762
401084780
401084785
401084794
401084797
401084801
401084633
401084816
401084824
401084835
401120709
401084640
401084673
401084679
401083271
401084690
401084693
401084700
401084704
401084722
401084730
401084736
401084744
401084621
401084754
401084758
401084761
401084774
401084802
401084805
401119215
401084819
401084636
401084828
401120707
401123380
401084641
401084647
401083140
401084680
401084687
401096926
401083047
401084705
401083355
401084719
401084723
401083945
401084748
401084755
401084772
401084789
401084630
401084795
401084812
401084825
401084637
401084831
401120714
401082696
401093574
401084683
401100176
401100233
401084699
401084707
401084713
401084716
401084728
401084737
401107055
401084626
401084776
401084796
401084803
401084821
401084832
401084644
401084649
401084678
401084686
401084691
401100454
401084698
401084708
401083530
401083430
401084721
401084727
401084739
401084625
401084769
401084788
401084810
401123419
401123427
401084639
401084651
401084676
401096892
401096897
401084695
401082952
401083048
401084714
401084718
401084726
401084735
401084622
401084768
401084628
401084613
401084653
401082783
401096916
401084615
401084618
401084619
401082700
401084620
401083944
401083359
401084627
401084635
401123919
401123708
401084645
401083309
401084677
401096903
401096905
401084696
401083379
401083542
401084720
401084724
401084732
401084738
401123717
401085573
401085574
401096902
401096907
401084055
401085575
401084029
401085576
401082724
401085577
401082861
401085578
401085579
401085580
401085581
401085582
401085583
401085584
401085585
401085586
401085587
401085588
401085589
401085590
401085591
401085592
401085593
401085594
401085595
401121536
401121539
401123718
401085596
401085597
401085598
401083195
401096929
401096936
401083068
401085599
401083169
401085600
401085601
401085602
401085603
401085604
401085605
401085606
401085607
401085608
401085609
401085610
401085611
401085612
401085613
401085614
401085615
401085616
401085617
401085618
401085619
401121537
401085620
401085621
401085622
401082824
401082806
401085624
401085625
401085626
401082571
401085628
401085629
401085630
401085631
401085632
401085633
401085634
401085635
401085636
401085637
401085638
401085639
401085640
401085641
401085642
401085643
401085644
401121524
401086280
401086281
401086282
401086283
401086284
401086285
401085954
401082598
401086287
401086288
401083970
401086289
401085741
401085727
401085710
401086290
401086291
401086292
401086293
401086294
401085672
401085733
401085694
401086295
401086296
401121519
401086297
401086298
401086299
401086300
401086301
401100817
401086302
401085888
401083969
401086304
401083433
401085684
401085726
401086305
401086306
401086307
401085745
401085669
401086308
401086309
401085731
401085674
401085715
401085749
401086310
401121521
401121535
401086049
401082763
401082449
401096970
401085953
401086314
401085876
401086315
401086316
401086317
401086318
401085685
401085664
401086319
401085746
401085670
401085712
401086320
401085748
401086321
401085734
401121518
401086322
401083155
401083936
401082876
401096877
401096881
401083354
401086323
401086324
401086325
401107056
401086326
401085742
401085709
401086327
401086328
401085668
401085690
401085713
401085732
401085673
401085695
401121520
401086338
401083885
401086339
401086341
401083313
401086342
401083459
401086343
401096885
401107115
401086344
401085707
401085663
401085728
401085744
401086336
401085711
401085747
401085696
401086337
401121534
401121538
401085653
401085654
401085655
401085656
401100196
401085657
401083273
401082722
401085658
401085659
401085660
401085661
401085662
401085665
401085666
401085667
401085671
401085675
401085676
401121533
401085677
401085678
401082719
401096898
401085679
401085680
401085681
401083356
401085682
401085683
401085686
401085687
401085688
401085689
401085691
401085692
401085693
401085697
401123417
401085698
401085699
401085700
401083327
401082805
401085701
401083196
401085702
401085703
401085704
401085705
401085706
401085708
401085714
401085716
401121540
401085717
401085718
401085719
401085720
401100180
401100235
401085721
401085722
401085723
401085724
401084060
401082791
401085729
401085730
401086331
401086332
401086333
401089216
401100453
401085756
401086334
401083314
401086335
401083147
401085743
401085735
401085736
401085737
401096927
401083857
401085738
401085739
401083498
401082767
401083889
401085740
401082613
401082614
401082615
401082616
401100197
401082495
401082617
401082618
401082620
401082621
401082622
401082624
401082625
401082626
401082627
401082628
401082629
401082630
401082631
401082632
401082633
401082634
401082635
401082636
401082637
401082638
401082639
401082640
401082641
401120695
401123918
401082642
401082643
401082644
401082645
401100179
401100238
401082517
401082646
401082647
401082648
401082649
401082650
401082651
401082652
401082653
401082654
401082655
401082656
401082657
401082658
401082659
401082660
401082661
401082662
401082663
401082664
401082665
401082666
401082667
401082668
401120696
401123420
401082669
401082670
401082671
401082672
401096921
401096923
401082368
401082673
401082675
401082676
401082677
401082678
401082679
401082680
401082681
401082682
401082683
401082684
401082685
401082686
401082687
401082688
401082689
401082690
401082691
401082692
401082693
401082694
401120703
401120705
401120706
401123430
401082695
401082697
401082698
401096910
401096913
401082584
401082699
401082701
401082702
401082703
401082704
401082705
401082706
401082707
401082708
401082709
401082710
401082711
401082712
401082713
401082714
401082715
401082716
401082717
401120701
401120704
401082895
401082896
401082898
401082899
401082534
401082900
401082901
401082902
401082903
401082904
401082905
401082906
401082728
401082750
401082793
401082907
401082833
401082865
401082835
401082757
401082817
401082894
401082777
401082852
401120694
401123436
401082908
401082909
401082911
401096956
401082475
401082912
401082913
401082371
401082914
401082915
401082916
401082917
401082893
401082813
401082863
401082850
401082815
401082866
401082756
401082798
401082776
401082836
401082780
401120698
401120702
401082873
401082874
401082875
401096874
401096879
401082596
401082868
401082869
401082870
401082871
401082872
401082848
401082729
401082864
401082795
401082754
401082773
401082834
401082867
401082738
401082818
401082761
401120693
401120697
401123714
401123706
401082837
401082838
401082839
401082841
401082842
401082606
401082843
401082844
401082570
401082845
401082846
401082847
401082849
401082814
401082730
401082832
401082772
401082755
401082851
401082816
401082797
401082737
401120700
401123416
401123426
401082853
401082854
401082855
401082856
401082857
401082858
401100455
401082451
401082859
401083650
401082860
401082862
401082812
401082831
401082752
401082774
401082735
401082799
401082820
401082821
401082822
401082823
401082825
401082337
401082826
401082827
401082586
401082829
401082830
401082749
401082792
401082771
401082775
401082736
401082760
401082819
401082800
401082801
401082802
401082803
401082804
401082395
401082807
401082808
401082809
401082810
401082811
401082794
401082796
401082734
401082758
401082778
401120699
401123395
401082781
401082782
401096917
401082784
401082553
401082785
401082786
401082787
401082788
401082789
401082790
401082753
401082739
401082779
401123412
401123424
401082762
401082764
401082765
401096935
401082424
401082766
401082768
401082769
401082770
401082751
401082732
401082759
401123428
401082740
401082741
401096901
401096906
401082742
401082568
401082743
401082744
401082745
401082746
401082747
401082748
401082731
401082718
401096891
401096896
401082720
401082721
401082723
401082725
401082726
401082727
401086652
401086653
401082471
401086654
401086655
401100175
401100213
401086656
401086657
401086658
401086659
401089717
401084861
401083094
401086661
401086662
401086663
401086664
401086665
401086666
401086667
401086668
401086669
401086670
401086671
401086672
401086673
401086674
401086675
401086676
401121606
401086677
401086678
401086080
401086679
401086680
401086681
401086682
401086683
401086684
401086685
401086686
401086687
401082374
401086688
401086689
401086690
401086691
401086692
401086693
401086694
401086695
401086696
401086697
401086698
401086699
401086700
401086701
401086702
401121605
401090242
401083426
401088793
401083046
401099933
401099994
401090074
401083143
401083859
401088254
401090216
401085903
401090243
401088428
401086755
401086716
401086739
401086778
401086791
401086805
401086760
401086792
401086743
401086780
401086725
401086806
401121603
401123418
401086704
401086705
401086706
401082921
401086707
401086708
401086709
401086710
401083274
401086711
401086712
401082955
401086713
401107053
401087154
401086715
401086717
401086718
401086719
401086720
401086721
401086722
401086723
401086724
401086726
401121608
401121609
401123710
401086727
401086728
401086729
401083512
401086730
401086731
401086732
401086733
401086734
401086736
401086737
401086738
401086740
401086741
401086742
401086744
401086745
401121607
401123954
401086746
401086747
401086748
401086749
401086750
401086751
401083939
401086752
401086753
401086754
401086756
401086757
401086758
401086759
401086761
401086762
401086764
401086765
401086766
401086767
401086768
401086769
401086770
401086771
401086772
401086773
401086774
401083634
401086775
401086776
401086777
401086779
401086781
401121604
401082564
401086782
401086783
401086784
401100240
401083157
401086785
401086786
401082500
401086787
401086788
401083172
401086789
401086790
401086793
401086794
401086795
401086796
401086797
401086798
401086799
401086800
401086801
401085978
401086802
401086803
401086804
401123429
401083374
401083375
401083376
401083377
401083087
401083378
401083380
401083381
401083382
401083383
401083384
401083385
401083386
401083387
401083388
401083389
401082963
401083390
401083391
401083392
401083393
401083395
401083396
401083397
401083398
401083399
401083400
401083401
401120720
401123414
401083402
401083045
401083403
401083404
401096919
401096922
401083405
401083406
401082398
401083407
401083408
401083409
401083410
401083411
401083412
401083413
401083414
401083415
401083097
401083416
401083417
401083418
401083419
401083420
401083421
401083422
401083423
401083424
401083425
401120724
401120726
401123401
401123434
401082470
401083548
401083247
401096957
401083549
401083550
401083551
401083358
401083552
401083553
401083554
401083544
401083520
401083502
401083466
401083135
401083505
401083487
401083442
401083536
401083523
401083470
401083490
401083446
401083537
401083546
401120723
401120725
401123409
401083427
401083428
401099936
401100055
401083429
401083249
401083431
401083432
401082926
401083434
401083435
401083436
401083437
401083438
401083439
401083440
401083441
401083443
401083444
401083445
401083447
401083448
401120721
401123411
401083538
401083539
401083540
401083156
401096928
401083541
401083543
401083225
401082537
401083534
401083484
401083521
401083503
401083535
401082935
401083467
401083488
401083524
401083545
401083472
401120719
401083526
401083527
401083528
401096909
401096914
401082496
401082519
401083532
401083533
401083501
401083464
401083034
401083522
401083489
401083506
401083525
401083491
401083473
401120718
401123729
401123705
401083509
401083510
401083511
401083513
401083514
401083516
401083517
401083518
401096890
401107113
401083465
401083504
401083162
401083486
401083471
401083492
401083508
401123721
401123707
401083494
401082997
401083495
401083496
401100456
401083497
401082585
401083499
401083317
401083500
401083463
401083485
401083150
401083469
401083493
401123407
401123422
401083474
401083475
401083476
401083477
401096972
401083478
401083480
401083481
401083482
401083483
401083462
401083012
401083468
401120722
401123939
401083454
401083455
401096893
401083456
401083457
401083458
401083158
401083460
401083461
401082986
401123727
401083193
401083194
401083085
401096934
401096938
401083197
401083198
401082372
401083199
401083200
401083160
401083201
401083202
401083203
401083204
401083205
401083206
401083207
401083208
401083209
401083210
401083211
401083212
401083213
401083214
401083215
401083216
401083217
401083218
401120740
401123715
401083219
401083220
401082549
401083221
401100181
401083222
401083223
401082518
401083224
401083226
401083227
401083228
401083229
401083230
401083231
401083232
401083233
401083234
401083235
401083236
401083237
401083238
401083239
401083240
401083241
401083242
401083243
401120743
401123943
401083291
401083292
401082566
401083293
401083294
401082535
401083295
401083296
401083297
401083298
401083299
401083300
401083301
401083302
401083259
401083303
401083304
401083305
401083306
401083263
401083288
401083307
401083290
401120741
401123728
401083268
401083269
401082334
401083270
401083272
401083276
401083277
401083278
401083279
401083280
401083281
401083257
401083282
401083283
401083284
401083285
401083286
401083287
401083289
401083267
401120745
401123394
401083245
401082364
401083246
401083248
401083250
401082607
401083251
401083252
401083253
401083254
401083255
401083256
401083258
401083260
401083261
401083262
401083264
401083265
401083266
401120744
401120747
401123716
401083308
401083310
401083024
401096969
401083311
401083312
401083315
401083318
401083319
401083320
401083321
401083322
401083323
401083324
401083325
401120742
401123404
401083326
401082514
401083328
401096876
401083130
401082599
401083330
401082429
401083331
401083332
401083333
401083334
401083335
401083336
401120748
401123377
401083337
401083338
401082593
401083339
401083340
401083341
401083342
401083343
401083344
401083345
401083346
401083347
401083348
401083349
401123400
401123432
401083350
401083351
401082448
401083352
401083353
401083357
401083360
401083361
401120746
401123723
401083362
401083363
401082603
401083166
401096918
401096924
401083364
401083365
401083366
401083368
401083051
401083369
401086812
401086823
401099947
401086836
401086111
401086852
401083754
401086858
401086864
401086866
401086872
401086877
401086882
401086892
401086893
401086982
401086908
401086913
401086921
401086926
401086929
401086934
401086945
401086950
401086951
401086954
401086959
401086962
401086970
401086975
401121779
401121775
401121773
401083627
401086815
401083654
401086828
401083682
401086842
401083771
401086143
401086986
401086873
401086883
401086889
401086895
401086900
401086907
401086910
401086914
401086919
401086923
401086931
401086936
401086941
401086946
401086953
401086964
401086967
401086976
401121782
401086983
401086820
401086826
401086984
401086985
401086837
401086846
401086849
401086126
401086859
401083775
401086879
401086888
401086894
401086903
401086909
401086917
401086922
401086927
401086930
401086935
401086940
401086952
401086955
401086960
401086963
401086972
401121781
401123405
401086987
401086988
401086989
401099944
401100016
401086991
401086990
401086863
401086992
401086871
401086874
401086880
401086884
401086890
401086896
401086915
401086924
401086942
401086956
401086958
401086965
401086968
401086973
401086977
401121776
401121774
401086807
401082363
401086818
401086821
401086824
401082999
401086834
401086838
401086855
401086865
401086875
401086881
401086885
401086887
401086899
401086911
401086928
401086947
401086966
401086969
401086971
401086978
401086819
401086822
401086827
401086843
401083770
401086125
401086860
401083756
401086867
401086886
401086897
401086901
401086904
401086916
401086918
401086937
401086943
401086949
401086979
401121780
401086813
401083680
401086830
401086840
401086847
401086856
401086861
401086138
401086033
401107074
401086876
401086878
401086905
401086912
401086932
401086938
401086961
401086974
401121778
401086810
401086817
401086825
401086832
401086835
401086841
401086848
401083710
401083608
401086862
401086145
401086898
401086902
401086920
401086939
401086948
401086981
401121777
401086811
401086829
401086833
401086844
401085326
401083711
401086857
401103893
401086868
401086906
401086925
401086944
401086957
401123957
401086809
401086816
401086090
401086831
401086845
401086851
401086854
401083686
401086869
401086891
401086933
401086808
401086814
401090034
401099795
401099941
401086839
401083605
401086850
401086853
401086136
401086870
401123722
401084021
401088144
401087396
401088214
401088222
401088235
401088242
401088253
401088262
401088266
401107033
401088274
401088277
401088282
401088292
401088297
401088305
401088310
401088315
401088320
401088325
401088330
401088335
401088340
401088345
401088350
401088355
401088360
401121748
401121751
401123956
401088139
401083154
401088149
401088215
401088224
401088227
401088251
401088267
401088272
401088278
401088283
401088287
401088306
401088311
401088316
401088321
401088326
401088331
401088336
401088341
401088346
401088351
401088356
401088361
401121744
401121747
401121750
401088150
401088216
401088228
401084026
401088154
401088234
401088237
401088246
401088248
401088264
401088288
401088296
401088298
401088307
401088317
401088322
401088327
401088332
401088342
401088347
401088352
401088357
401088362
401121749
401121752
401123948
401088140
401087058
401088225
401100216
401088236
401099816
401088244
401085890
401088256
401094574
401086065
401088289
401088293
401088308
401088318
401088323
401088328
401088333
401088343
401088348
401088353
401088359
401088363
401121743
401085884
401088146
401088217
401100033
401088233
401088238
401088243
401088257
401088261
401082557
401088275
401088284
401088290
401088294
401088309
401088312
401088334
401088337
401088358
401088364
401123944
401088141
401088151
401088218
401087319
401088229
401088230
401086102
401088239
401088247
401088255
401088023
401088269
401088279
401088285
401088295
401088299
401088302
401088313
401088344
401123955
401124953
401083883
401088147
401090395
401088213
401087150
401087791
401088240
401088252
401088258
401088276
401088280
401088291
401088303
401088314
401088329
401088338
401088354
401121745
401121746
401088142
401088145
401085886
401088232
401083968
401087400
401088263
401088041
401082430
401088273
401088286
401088300
401088324
401088349
401083021
401088148
401088152
401083706
401087901
401085298
401087440
401088245
401088250
401088260
401088265
401088271
401088301
401088319
401088339
401088143
401088219
401088221
401085952
401088231
401088241
401083168
401088249
401088259
401088268
401088270
401082928
401088281
401088304
401082918
401088521
401088522
401088523
401083126
401088524
401088525
401088526
401088527
401088529
401088528
401082333
401082335
401082336
401082338
401082339
401082340
401082341
401082342
401082343
401082344
401082345
401082346
401082347
401082348
401082349
401082350
401082351
401082352
401082353
401082354
401082355
401082356
401082357
401082358
401082359
401082360
401082361
401120728
401120732
401123726
401123709
401082362
401082365
401082366
401082367
401082369
401082370
401082373
401082375
401082376
401082377
401082378
401082379
401082380
401082381
401082382
401082383
401082384
401082385
401082386
401082387
401082388
401082389
401082390
401120729
401123423
401082391
401082392
401082393
401082394
401082396
401082397
401082399
401082400
401082401
401082402
401082403
401082404
401082405
401082406
401082407
401082408
401082409
401082410
401082411
401082412
401082413
401082414
401082415
401082416
401082417
401120736
401123437
401123440
401082418
401082419
401082420
401082421
401082422
401082423
401082425
401082426
401082427
401082428
401082431
401082432
401082433
401082434
401082435
401082436
401082437
401082438
401082439
401082440
401082441
401082442
401082443
401082444
401082445
401120730
401123435
401123439
401082472
401082473
401082474
401082476
401082477
401082478
401082479
401082480
401082481
401082482
401082483
401082484
401082485
401082486
401082487
401082488
401082489
401082490
401082467
401082491
401082469
401120733
401120737
401120739
401123421
401082446
401082447
401082450
401082452
401082453
401082454
401082455
401082456
401082458
401082459
401082460
401082461
401082462
401082463
401082464
401082465
401082466
401082468
401120738
401082492
401082493
401082494
401096873
401087180
401082497
401082498
401082499
401082501
401082502
401082503
401082504
401082505
401082506
401082507
401082508
401082509
401082510
401082511
401120731
401120735
401082512
401082513
401082515
401082516
401082520
401082521
401082522
401082523
401082524
401082525
401082526
401082527
401082528
401082529
401120727
401120734
401082530
401082531
401082533
401096878
401082536
401082538
401082539
401082540
401082541
401082542
401082543
401082544
401082545
401082546
401082548
401082550
401082551
401082552
401082554
401082555
401082556
401082558
401082559
401082560
401082561
401082562
401082563
401082565
401082567
401100241
401082569
401082572
401082574
401082575
401082576
401082577
401082578
401082579
401123399
401082580
401082581
401082582
401082583
401082587
401082588
401082589
401082590
401082591
401082592
401082594
401082595
401082597
401082600
401123410
401082602
401082604
401082605
401082608
401082609
401082610
401123973
401087234
401087235
401096899
401083856
401087236
401087237
401083734
401083755
401083715
401087182
401087238
401087239
401087240
401087241
401087242
401085310
401085337
401087243
401087244
401087245
401085340
401087246
401087247
401085318
401087248
401087249
401121834
401121838
401121839
401123942
401085322
401085323
401083704
401085324
401085325
401102014
401102333
401085327
401083663
401085328
401085329
401107075
401085330
401085331
401085332
401085333
401085307
401085334
401085335
401085336
401085312
401085338
401085339
401085341
401085342
401085343
401087265
401085345
401085346
401121833
401085293
401085294
401085296
401085297
401083707
401085299
401085300
401085301
401085302
401085303
401085304
401085305
401085306
401085308
401085309
401085311
401085313
401085314
401085315
401085316
401085317
401085319
401085320
401085321
401083703
401090414
401087251
401087170
401096880
401087151
401087252
401087253
401087254
401096883
401087255
401087256
401087257
401087258
401087259
401087260
401087261
401087262
401087263
401087264
401087266
401121836
401087148
401087267
401087036
401083065
401085927
401100195
401087122
401087162
401087268
401087269
401083662
401083688
401087270
401087138
401087271
401087272
401087273
401087274
401087275
401087276
401087277
401087278
401087279
401121837
401083745
401087309
401082998
401087310
401087311
401087280
401087281
401087016
401087282
401087164
401087283
401087284
401087285
401087286
401087287
401087288
401087289
401123431
401084854
401093611
401083765
401087806
401100234
401083730
401087807
401086122
401087808
401087809
401083665
401086158
401087810
401087811
401087812
401087813
401121835
401087119
401087814
401090661
401083656
401085897
401087815
401086109
401087816
401083684
401087817
401099473
401087818
401087819
401087443
401087820
401087821
401087822
401087823
401087824
401098113
401087181
401087825
401087826
401087827
401083758
401087828
401083884
401083108
401096911
401083886
401083887
401083888
401083890
401083891
401083892
401083893
401083894
401083895
401083896
401083897
401083871
401083898
401083899
401083900
401083901
401083902
401083903
401083877
401083904
401083905
401083906
401083907
401121788
401121790
401083908
401083909
401083910
401083911
401083912
401083913
401083914
401083915
401083916
401083917
401083919
401083865
401083920
401083921
401083922
401083923
401083924
401083925
401083926
401083927
401083928
401083929
401083930
401083931
401083932
401083933
401083882
401121786
401121789
401083934
401083935
401083937
401083938
401083940
401083941
401083943
401083946
401083866
401083947
401083948
401083949
401083950
401083951
401083952
401083953
401083954
401083955
401083956
401083881
401083957
401085894
401085895
401085896
401083658
401085898
401085899
401085900
401085901
401085902
401085904
401085879
401083972
401084061
401083869
401085892
401084036
401083875
401084065
401085893
401084039
401083979
401085883
401121784
401083853
401083854
401083855
401083858
401083860
401083861
401083862
401083864
401083867
401083868
401083870
401083872
401083873
401083874
401083876
401083878
401083879
401083880
401121785
401121791
401083958
401083960
401083961
401083962
401083963
401083964
401083965
401083966
401083967
401083971
401083973
401083974
401083975
401083976
401083977
401083978
401083980
401121783
401084053
401084054
401082950
401084056
401084057
401084058
401084062
401084034
401084063
401084064
401084038
401084066
401121787
401085873
401083681
401099943
401100013
401085874
401085877
401085880
401084033
401085881
401084037
401085882
401084022
401084023
401084024
401084025
401084027
401084030
401084031
401084032
401084035
401084040
401085885
401085887
401085889
401085891
401087318
401107116
401087320
401087321
401092319
401087323
401087324
401087325
401087326
401087327
401087328
401087329
401087330
401087331
401087332
401087333
401118857
401118867
401118873
401118879
401087334
401087335
401100014
401087336
401087337
401087338
401087339
401087353
401087340
401087341
401087342
401087343
401087344
401087345
401087346
401087347
401087348
401087349
401087350
401087351
401087352
401118855
401118861
401118871
401118877
401121639
401123938
401087354
401087355
401087356
401087357
401087358
401087371
401083001
401087372
401087359
401087360
401087361
401087362
401087363
401087364
401087365
401087366
401087367
401087368
401087369
401087370
401118866
401118872
401118878
401121640
401088163
401098473
401083107
401088164
401088165
401088166
401088167
401088168
401088169
401088006
401088170
401088171
401088172
401088173
401088174
401088175
401088176
401088177
401088178
401088179
401088180
401088181
401118856
401118862
401121634
401123934
401088182
401088183
401088184
401087399
401087419
401088185
401083999
401084858
401088186
401088187
401088188
401088189
401088190
401088191
401088192
401088193
401088194
401088195
401118865
401121641
401121637
401092612
401088207
401088208
401096937
401082924
401088209
401087420
401083093
401088210
401088211
401088212
401088373
401088374
401088375
401088376
401088377
401088378
401118868
401118874
401118880
401121638
401090335
401090337
401092613
401090336
401090255
401086060
401089235
401087941
401090038
401088984
401090321
401090276
401090297
401090318
401090322
401090250
401088386
401088566
401121636
401088379
401087121
401099993
401088380
401086043
401088381
401088382
401088383
401088384
401088385
401088387
401088388
401118853
401118859
401118869
401118875
401121632
401121631
401090319
401088418
401089343
401089385
401083602
401087902
401089491
401090320
401086139
401089366
401090275
401090317
401090298
401090251
401088565
401118858
401093612
401090271
401100239
401090272
401087961
401090273
401090274
401089409
401090247
401088562
401090277
401090278
401118854
401118863
401118876
401121633
401123946
401088889
401089423
401090244
401096915
401089345
401083170
401088932
401090245
401090246
401090248
401090249
401088567
401118860
401118864
401121635
401090292
401086074
401087014
401090293
401090037
401086107
401089386
401090294
401107013
401090295
401090296
401088564
401090313
401100174
401089635
401087903
401090314
401083004
401090315
401089117
401090316
401088563
401118870
401087177
401088555
401088556
401088557
401088558
401088559
401083003
401088560
401088561
401083736
401088465
401088466
401088467
401088468
401088469
401087417
401088398
401088470
401088471
401085999
401088472
401088473
401088474
401088475
401088476
401088477
401088478
401088479
401088480
401088481
401088482
401088483
401088484
401088485
401088486
401088487
401088488
401088489
401087435
401088490
401100217
401088491
401088492
401083997
401087418
401087401
401088493
401088494
401088495
401088496
401088497
401088498
401088499
401088500
401088501
401088502
401088503
401088504
401088505
401088506
401088507
401088508
401121812
401123953
401089873
401089166
401099946
401087100
401087378
401089874
401088399
401089875
401089249
401089876
401089877
401089878
401089879
401089880
401089881
401089882
401089883
401089884
401089885
401089886
401089887
401089888
401089889
401121814
401121810
401089891
401087790
401100835
401089223
401086237
401089892
401089893
401089894
401089040
401089895
401089896
401089897
401089898
401089899
401089900
401089901
401089902
401089903
401089904
401089905
401089906
401089907
401121815
401089057
401088458
401089559
401101476
401089237
401089060
401086132
401089921
401087442
401089922
401089923
401089913
401089924
401089925
401089926
401089927
401089918
401089928
401089929
401089930
401087374
401089931
401085951
401089932
401089933
401089935
401089550
401087380
401089911
401089936
401089937
401089938
401089916
401089939
401089940
401089941
401121811
401121809
401087414
401087436
401089943
401089944
401089399
401087377
401086042
401083146
401089945
401089946
401089914
401089947
401089948
401089919
401121813
401089213
401089908
401089232
401089236
401087083
401089629
401089909
401089910
401089912
401089915
401089917
401088904
401089949
401087416
401089950
401089229
401089549
401089483
401089951
401089952
401083072
401089953
401089954
401083994
401089955
401087923
401089956
401087498
401088513
401087441
401087876
401087519
401087877
401087878
401087879
401087880
401085981
401087881
401087882
401087883
401087884
401087885
401087886
401087887
401087888
401087889
401087890
401087891
401087892
401087893
401087894
401087895
401087896
401087897
401085973
401087924
401087925
401087926
401085929
401087927
401087928
401087929
401087930
401087931
401087932
401087933
401087934
401087935
401087956
401087957
401087936
401087937
401123937
401093604
401088021
401088022
401085998
401087421
401088024
401088025
401088026
401088027
401088028
401088029
401088030
401088031
401088032
401088033
401088034
401088035
401088049
401088050
401093605
401088051
401083751
401085977
401085758
401087521
401088052
401088093
401088094
401088095
401088096
401088097
401088098
401088099
401088100
401088101
401088196
401083750
401083729
401088197
401086053
401088198
401088200
401088201
401088202
401088203
401088204
401088205
401088206
401121628
401121630
401088419
401088420
401100056
401093608
401088421
401088422
401087422
401086018
401088423
401088424
401088425
401088426
401093606
401089092
401088446
401086014
401085930
401089084
401087040
401089890
401088430
401088431
401121629
401123438
401087057
401088433
401088427
401086017
401085931
401088429
401085905
401085907
401085908
401085909
401085910
401085911
401085913
401085914
401085766
401085915
401085916
401085917
401085770
401085918
401085919
401085920
401085921
401085922
401085923
401085924
401085925
401085926
401121805
401121800
401086038
401086039
401086040
401086097
401089014
401086041
401086034
401085934
401086003
401086045
401085765
401086021
401086046
401085939
401085965
401085986
401086047
401086025
401086008
401085970
401085991
401086048
401121807
401085948
401085928
401085932
401085933
401085935
401085936
401085937
401085938
401085940
401085941
401085772
401085942
401085943
401085944
401085776
401085945
401085946
401121804
401121801
401121799
401085950
401085957
401085762
401085958
401085959
401085960
401085961
401085962
401085963
401085964
401085966
401085967
401085968
401085969
401085971
401085779
401085972
401085974
401085975
401085976
401101474
401085979
401085983
401085984
401085768
401085985
401085987
401085774
401085988
401085989
401085990
401085992
401121806
401086012
401086013
401096894
401083128
401086015
401086019
401085764
401086020
401086007
401086022
401086023
401086024
401086026
401085777
401121808
401121802
401085993
401085994
401085995
401100834
401085996
401086000
401086001
401086004
401086005
401085767
401086006
401085771
401086009
401086010
401086011
401085759
401085760
401085763
401085769
401085773
401085775
401085778
401086027
401086028
401086029
401086030
401086031
401086032
401086035
401086036
401086037
401121803
401086058
401086059
401083167
401086062
401086063
401086064
401086056
401086057
401086050
401096968
401086051
401086052
401086054
401086055
401083993
401083995
401100178
401083996
401083998
401084000
401084001
401084002
401084003
401084004
401084005
401084006
401084007
401084008
401084009
401084010
401084011
401084012
401084013
401084014
401084015
401084016
401084017
401084018
401084019
401084020
401121731
401121724
401086234
401096900
401096904
401086235
401086236
401086238
401086239
401086240
401094573
401086242
401086243
401086244
401086245
401086246
401086247
401086248
401086249
401086250
401086251
401086252
401086273
401086274
401086275
401086276
401086277
401086278
401086279
401121730
401121727
401088396
401088397
401088400
401088401
401088402
401088403
401087402
401088404
401087446
401088405
401088406
401088407
401087450
401087429
401088408
401087390
401087410
401088409
401088410
401088411
401121723
401121721
401123408
401089358
401089169
401101477
401089560
401089243
401089181
401087423
401089552
401087445
401089183
401087385
401089485
401088518
401087430
401087409
401089487
401089561
401087412
401121722
401088509
401088510
401086085
401099940
401088511
401088512
401086140
401088514
401088515
401088516
401087383
401087427
401088517
401087449
401087408
401088519
401088520
401087432
401087394
401087453
401121728
401121725
401089177
401089178
401088090
401089179
401089180
401089182
401087447
401089184
401087388
401087407
401089185
401087431
401087452
401087393
401087434
401123958
401089480
401088927
401089481
401082922
401089482
401087124
401089484
401087444
401087403
401087384
401087426
401089486
401116695
401087411
401089488
401089506
401089106
401100015
401088070
401089507
401089038
401089551
401089251
401087382
401087425
401087428
401087406
401087451
401087413
401087373
401087375
401087376
401087379
401086147
401087381
401087386
401087387
401087389
401087391
401087392
401121729
401121726
401087395
401087397
401087398
401087404
401087405
401087415
401100177
401087424
401087433
401083084
401087437
401087439
401100538
401089957
401089958
401089365
401083732
401089959
401088092
401089960
401089961
401089962
401089963
401089964
401089965
401089966
401089967
401089968
401089969
401089970
401089971
401089972
401089973
401089974
401089975
401121736
401089104
401088835
401089976
401088901
401087987
401089977
401089978
401089979
401089980
401089981
401089982
401089983
401089984
401089985
401089986
401089987
401089988
401089989
401089990
401089991
401121740
401121738
401086077
401089100
401090338
401087186
401090339
401090127
401090340
401090341
401090342
401090343
401090344
401090345
401090330
401090346
401090347
401090267
401090291
401090348
401090270
401121741
401121735
401094553
401087474
401089503
401087962
401094554
401087171
401087105
401083714
401090975
401090375
401094555
401090261
401090285
401090352
401090387
401090977
401090378
401094556
401090331
401090356
401123940
401090978
401090979
401090980
401089214
401087832
401100713
401088391
401087848
401090258
401090286
401090327
401090268
401090377
401090353
401090388
401090290
401090976
401090380
401121733
401088892
401098433
401087850
401090256
401090257
401090259
401090260
401090262
401090263
401090264
401090265
401090266
401090269
401121739
401089359
401089105
401089352
401090280
401099773
401090281
401090282
401090283
401090284
401090287
401090288
401090289
401123724
401090373
401090374
401083023
401096597
401089245
401107014
401090376
401090328
401090379
401090354
401121737
401121732
401088898
401089351
401087477
401090349
401090254
401090326
401090350
401090351
401090332
401090355
401090357
401121734
401123379
401090382
401089456
401100537
401090383
401089471
401088392
401089472
401090384
401090385
401090386
401090389
401090333
401084853
401083139
401094558
401090213
401088928
401082923
401089494
401090217
401090329
401090334
401090323
401089036
401088796
401090324
401089164
401089167
401089171
401086098
401089233
401087855
401089244
401088040
401089189
401089254
401089258
401089267
401089270
401089276
401089281
401089284
401089288
401089296
401089298
401089307
401089309
401089315
401089320
401089323
401089328
401089337
401089338
401121576
401121579
401121581
401089165
401087077
401087900
401086092
401089219
401089107
401089246
401086148
401107093
401089250
401089253
401089260
401089263
401089272
401089282
401089283
401089290
401089294
401089300
401089303
401089308
401089313
401089318
401089331
401089333
401089339
401121577
401121580
401089172
401088533
401089222
401089228
401088156
401089242
401089247
401089261
401089266
401089268
401089275
401089278
401089289
401089299
401089305
401089310
401089314
401089322
401089324
401089335
401089342
401121574
401089168
401086081
401083142
401100236
401089217
401083604
401089230
401083090
401089256
401089265
401089269
401089273
401089291
401089302
401089304
401089311
401089316
401089325
401089334
401089341
401089170
401089226
401089238
401087099
401096882
401089257
401089264
401089277
401089279
401089285
401089297
401089317
401089319
401089329
401089340
401121573
401086066
401088888
401088997
401089220
401089248
401089274
401089287
401089292
401089295
401089312
401089321
401089332
401089336
401121575
401089161
401087496
401096971
401089218
401089225
401087123
401089108
401088157
401088985
401089252
401089255
401089259
401089293
401089301
401089306
401089327
401089162
401087939
401099934
401089224
401089234
401089239
401086142
401089062
401089262
401089280
401089286
401089330
401121578
401083123
401088981
401089221
401089231
401089240
401089241
401089271
401089326
401089163
401089215
401089227
401084857
401089716
401089562
401087898
401099939
401087080
401083660
401089015
401088071
401089563
401089564
401089565
401089566
401089567
401089568
401089569
401089570
401089571
401089572
401089593
401089594
401089595
401089596
401089597
401089598
401089599
401089600
401121595
401121599
401089601
401086117
401089602
401088911
401087104
401089505
401083664
401087106
401089603
401089604
401089605
401089606
401089607
401089608
401089609
401089610
401089611
401089612
401089613
401089614
401089615
401089616
401089617
401089618
401121593
401121596
401089647
401088979
401088001
401100214
401087081
401083002
401089209
401089408
401086156
401089648
401089649
401089650
401089651
401089652
401089653
401089654
401089655
401089656
401089657
401089658
401089659
401089660
401089661
401089662
401083659
401087061
401089663
401086152
401089664
401089665
401089666
401089667
401089668
401089669
401089670
401089671
401089672
401089673
401089674
401089675
401089676
401121601
401123406
401083597
401083652
401087831
401086091
401087163
401087039
401086131
401089495
401087172
401089695
401089696
401089697
401089698
401089699
401089700
401089685
401089701
401089702
401089689
401121600
401086089
401086119
401083733
401087084
401089643
401090039
401090002
401089680
401089995
401090004
401090010
401089683
401090035
401090012
401090036
401090000
401121594
401121598
401088978
401088432
401089677
401089500
401087060
401089678
401083610
401089679
401089681
401089682
401089684
401089686
401089687
401089688
401121597
401121602
401090033
401099937
401083767
401087137
401087062
401083737
401090009
401090003
401089996
401090011
401090006
401089999
401089502
401083655
401083609
401107114
401089993
401090005
401089998
401123415
401089553
401086086
401083728
401100182
401083606
401090007
401090008
401089994
401089997
401087120
401088996
401083027
401089017
401088870
401089992
401086078
401088412
401087793
401088434
401088435
401087524
401087504
401088436
401087484
401088437
401088438
401087487
401087509
401088439
401087532
401088440
401088441
401088442
401087803
401088443
401121796
401087473
401087475
401087476
401093607
401087125
401087478
401087479
401087480
401087481
401087482
401087483
401087485
401087486
401087488
401087489
401087490
401087491
401087492
401087493
401087494
401087495
401123378
401123396
401088444
401088445
401088447
401088448
401088072
401087500
401088449
401088450
401088451
401088452
401087797
401088453
401087508
401087530
401087800
401088454
401087534
401088455
401088456
401121795
401121798
401121792
401088457
401083749
401087522
401087502
401088459
401087796
401088460
401088461
401088462
401088463
401087801
401087533
401087512
401088464
401121794
401121797
401089101
401089093
401089721
401087849
401089353
401089354
401087501
401089355
401087798
401087528
401089356
401087531
401087510
401089357
401087804
401087161
401092833
401087497
401087499
401087795
401087505
401087506
401087507
401087511
401087513
401087514
401087515
401121793
401087516
401087517
401087518
401087520
401087523
401087525
401087526
401087527
401087529
401087535
401087788
401087789
401087792
401087794
401087503
401087799
401087802
401087149
401089360
401087847
401089361
401089094
401089362
401089363
401089395
401087846
401089396
401089508
401083063
401089509
401089346
401089510
401089039
401083006
401089511
401089512
401089533
401089534
401089535
401089536
401089537
401089538
401089539
401089540
401089541
401089542
401089543
401089544
401089545
401089546
401089547
401089548
401121717
401121715
401090073
401088797
401087153
401090075
401090076
401090077
401090078
401090079
401090080
401090081
401090082
401090083
401090084
401090085
401090086
401090087
401090088
401090089
401090090
401090091
401121714
401090093
401088153
401089037
401086112
401090094
401090095
401090096
401090097
401090098
401090099
401090100
401090101
401090102
401090103
401090104
401090105
401090106
401090107
401090108
401090109
401090110
401121720
401088767
401090111
401082976
401090112
401090113
401090114
401090115
401090116
401090117
401090118
401090119
401090120
401090121
401090122
401090123
401090124
401090125
401088792
401088906
401090126
401090128
401090129
401090130
401090131
401090132
401090133
401090134
401090135
401090136
401090137
401090138
401090139
401121718
401121716
401090140
401086087
401097250
401088799
401083052
401090141
401090142
401090143
401090144
401090145
401090146
401090147
401090148
401090149
401121719
401090150
401082951
401088589
401090151
401083171
401090152
401090153
401090154
401090155
401090156
401090157
401090158
401090159
401090160
401090201
401088769
401087960
401090202
401090203
401089556
401088855
401089693
401090204
401090205
401090206
401090207
401090221
401090208
401090209
401083651
401089627
401090211
401090212
401087187
401090233
401090219
401090234
401090235
401090236
401090223
401087830
401090252
401090253
401083127
401082927
401090218
401090220
401090240
401090241
401087982
401088771
401090214
401090215
401082981
401090222
401090237
401088891
401090238
401088869
401090239
401088773
401087035
401083066
401087037
401087038
401083145
401082925
401087041
401087042
401087043
401087044
401087045
401087046
401087047
401087048
401087025
401087049
401087050
401087051
401087052
401087053
401087054
401087055
401087056
401087034
401120755
401120758
401087013
401096920
401096925
401087015
401086123
401082954
401087017
401087018
401087019
401087020
401087021
401087022
401087023
401087024
401087026
401087027
401087028
401087029
401087030
401087031
401087032
401087033
401120749
401083768
401083731
401083753
401086153
401087063
401087064
401087065
401087066
401087067
401087068
401087069
401087070
401087071
401087072
401087073
401087074
401087075
401087076
401120750
401087078
401087079
401083709
401087082
401087086
401087087
401087088
401087089
401087090
401087091
401087092
401087093
401087094
401087095
401087096
401087097
401087098
401120754
401120757
401087101
401087102
401087103
401087107
401087108
401087109
401087110
401087111
401087112
401087113
401087114
401087115
401087116
401087118
401087117
401120752
401120756
401120759
401099935
401083793
401083687
401087126
401087127
401087128
401087129
401087130
401087131
401087132
401087133
401087134
401087135
401086067
401096933
401083757
401087139
401087140
401087141
401087188
401087143
401087144
401087145
401087142
401087146
401120751
401087147
401087152
401087155
401087156
401087157
401087160
401087158
401087159
401082919
401086101
401083774
401087165
401087166
401087167
401087168
401120753
401087169
401096875
401083607
401083131
401087173
401087174
401087175
401087176
401083164
401087178
401083766
401087179
401083631
401086129
401087184
401087183
401087185
401086083
401086116
401089501
401107094
401083776
401087845
401087851
401087852
401088053
401088054
401088055
401088056
401114373
401088058
401088059
401088060
401088061
401088062
401088063
401088064
401088065
401088066
401088067
401088068
401121846
401088069
401088073
401088074
401088075
401088076
401088077
401088078
401088079
401088080
401088081
401088082
401088083
401088084
401088085
401088086
401088087
401088088
401121845
401088089
401088091
401088113
401088114
401088115
401088116
401088117
401088118
401088119
401088120
401088121
401088122
401088123
401088124
401088125
401088126
401121844
401121848
401083735
401088127
401088128
401088129
401088130
401088131
401088132
401088133
401088134
401088135
401088136
401088137
401088138
401121847
401121849
401121851
401123397
401088365
401088366
401088367
401088368
401088369
401088370
401088371
401088372
401088393
401088394
401088395
401121850
401089075
401089076
401089077
401089078
401089079
401089080
401089081
401089082
401121843
401089083
401089085
401089086
401089087
401089088
401089089
401089090
401088155
401089095
401089096
401089097
401089098
401089102
401119216
401082948
401082949
401082953
401082956
401082957
401082958
401082959
401082960
401082961
401082962
401082964
401082965
401082966
401082939
401082967
401082968
401082969
401082943
401082970
401082971
401082972
401082973
401119814
401119823
401083000
401083005
401083007
401083008
401083009
401082985
401083010
401083011
401083013
401083014
401082938
401083555
401083015
401083016
401083017
401083018
401083019
401083020
401082946
401119812
401123402
401083163
401083165
401083095
401083148
401083173
401083134
401083033
401083077
401083055
401083558
401083117
401083101
401082941
401083137
401083152
401083082
401082996
401119813
401119817
401119820
401119822
401083159
401083029
401082984
401083075
401083149
401083161
401083098
401083136
401083557
401082940
401083120
401083059
401082944
401083153
401083122
401083138
401119816
401083141
401100237
401083144
401082982
401082930
401083133
401083115
401083035
401083100
401083151
401083119
401083081
401083102
401083061
401083043
401119810
401123403
401123433
401083124
401083125
401083129
401083132
401082931
401083076
401082936
401083036
401083080
401083118
401082991
401083058
401082994
401083103
401119821
401083104
401083105
401083109
401083110
401083112
401083113
401083114
401083096
401083032
401083054
401083116
401083079
401082992
401083121
401082947
401100193
401083067
401083069
401083071
401083073
401083030
401083074
401082933
401083078
401083040
401083060
401082995
401083083
401119815
401119818
401083044
401083049
401083050
401082983
401111308
401083053
401082937
401083556
401083056
401083057
401083041
401083062
401083086
401083088
401083089
401083091
401083092
401082929
401083099
401083039
401082993
401083025
401083026
401083028
401082932
401082987
401083037
401083038
401083042
401082974
401082975
401082977
401082978
401082980
401082934
401082988
401082942
401083629
401084855
401084856
401084859
401082945
401119811
401082920
401088768
401087959
401088770
401088772
401088104
401088774
401088775
401088776
401088777
401088778
401088779
401088780
401088781
401088782
401088783
401088784
401088785
401088786
401088787
401088788
401088789
401088790
401088791
401121613
401088102
401088865
401088866
401100173
401088867
401088037
401088837
401088868
401088871
401088803
401088862
401088872
401088823
401088873
401088874
401088809
401088847
401088875
401088859
401088876
401088830
401088877
401088878
401121616
401088879
401088880
401088881
401088882
401088883
401088856
401088821
401088884
401088844
401088808
401088864
401088885
401088886
401088887
401088829
401088850
401088815
401121615
401121617
401088890
401088103
401088893
401088853
401088038
401088842
401088894
401088806
401088825
401088895
401088845
401088858
401088896
401088813
401088832
401088897
401088794
401088795
401088798
401088800
401088801
401088802
401088804
401088805
401088807
401088810
401088811
401088812
401088814
401088816
401121611
401121614
401088851
401088852
401088854
401088841
401088857
401088863
401088826
401088846
401088860
401088861
401088833
401088899
401088588
401088900
401088820
401088843
401088902
401088827
401088849
401088903
401121618
401088817
401088818
401088819
401088822
401088824
401088828
401088831
401121610
401121612
401088905
401088840
401088848
401088834
401088836
401088838
401088839
401089690
401088111
401089013
401083657
401089691
401083683
401089692
401089694
401089425
401089211
401089474
401089191
401089638
401089391
401089145
401089645
401089124
401089517
401089378
401089464
401089632
401089202
401089132
401089646
401089175
401089634
401121587
401121588
401089640
401089641
401089642
401087853
401087856
401089644
401089118
401089190
401089212
401089515
401089630
401089462
401089429
401089146
401089413
401089198
401089639
401089477
401089466
401089173
401089383
401089420
401121583
401121585
401087905
401089636
401089637
401089514
401089426
401089460
401089374
401089194
401089475
401089631
401089125
401089148
401089465
401089417
401089381
401089519
401089478
401089633
401089135
401121582
401089624
401089625
401089626
401099942
401089628
401089473
401089459
401089373
401089144
401089516
401089430
401089431
401089127
401089199
401089518
401089152
401089418
401089133
401089489
401088587
401089490
401086096
401086133
401088536
401089492
401089513
401089119
401089427
401089192
401089376
401089463
401089476
401089149
401089416
401089379
401089131
401089174
401089479
401121584
401083725
401089468
401089469
401089470
401086134
401088007
401086149
401107873
401089390
401089428
401089461
401089193
401089377
401089415
401089150
401089200
401089453
401089467
401089134
401123936
401089421
401089422
401100539
401088002
401087963
401089424
401089143
401089122
401089392
401089414
401089432
401089129
401089201
401089382
401089454
401089204
401121586
401089455
401089457
401087986
401089458
401090013
401089389
401089141
401089123
401089197
401089380
401089419
401089205
401089384
401083599
401089344
401087983
401088570
401089387
401089388
401089120
401089142
401089375
401089195
401089151
401089203
401089186
401089187
401089188
401086137
401089000
401088008
401089140
401089196
401089126
401089206
401089207
401089208
401087854
401088913
401086150
401089210
401089121
401089147
401089128
401089176
401089136
401089137
401089138
401083752
401087985
401089139
401089130
401089113
401089114
401086079
401087940
401089115
401086103
401087904
401089116
401083601
401087964
401083689
401089347
401089001
401089348
401088988
401088918
401088576
401088937
401088596
401088545
401089349
401088991
401088922
401088583
401088942
401088602
401088552
401089350
401089006
401088908
401088909
401088910
401088914
401088915
401088916
401088917
401088919
401088577
401088544
401088597
401088920
401088921
401088923
401088584
401088551
401088603
401088924
401088925
401121855
401121857
401088926
401088929
401088930
401088931
401088537
401088591
401088933
401088934
401088935
401088936
401088578
401088938
401088939
401088940
401088941
401088585
401088553
401088604
401121852
401086095
401100714
401088980
401088986
401088987
401088574
401088542
401088595
401088989
401088990
401088581
401088549
401088601
401088992
401088993
401088994
401121853
401123947
401088995
401088998
401088999
401087984
401083712
401088572
401088540
401088593
401089002
401089003
401088579
401088547
401088599
401089004
401089005
401121856
401087980
401100814
401089499
401083769
401083685
401093580
401107913
401088573
401088592
401088541
401089557
401088580
401088598
401088548
401089558
401089555
401086118
401083773
401086151
401088575
401088594
401088543
401088582
401088600
401088550
401083764
401086084
401088005
401086146
401088590
401088571
401088539
401088546
401088586
401121858
401094353
401088003
401088569
401086141
401088538
401088554
401121854
401083628
401088534
401088535
401086094
401086115
401089016
401083633
401089018
401089019
401089020
401089021
401089022
401089023
401089024
401089025
401089026
401089027
401089028
401089029
401089030
401089031
401089032
401089033
401089056
401089058
401089059
401086100
401086121
401089061
401107633
401089063
401089064
401089065
401089066
401089067
401089068
401116678
401089069
401089070
401089071
401089072
401089054
401089073
401121694
401086071
401083630
401089109
401107613
401089043
401089111
401089112
401089153
401089154
401089155
401089156
401089157
401089158
401089159
401089160
401089055
401121695
401121697
401121699
401089364
401086124
401089367
401089368
401089369
401089048
401089370
401089371
401089372
401089052
401089393
401089394
401121698
401089397
401086082
401083600
401089398
401089400
401089045
401089401
401089402
401089403
401089050
401089404
401089405
401089034
401089035
401086113
401089041
401089044
401089046
401089047
401089049
401089051
401089053
401121696
401089406
401086110
401086127
401089407
401089410
401089411
401089412
401089433
401086069
401089493
401086105
401089496
401089497
401121693
401093582
401093583
401086144
401088389
401088390
401088413
401087966
401088414
401087944
401087910
401088415
401088160
401087865
401088013
401087994
401087915
401087950
401088416
401088108
401088046
401087998
401088018
401088417
401087979
401121620
401088112
401086088
401088158
401088009
401087988
401087968
401088159
401087946
401087911
401088161
401087866
401087974
401088162
401087917
401087951
401087871
401088110
401088047
401088000
401088019
401121619
401093573
401093575
401090973
401087967
401087909
401087945
401087864
401087993
401088014
401087949
401087916
401088045
401088109
401088017
401087999
401087978
401090974
401121622
401088036
401099945
401088039
401087907
401087943
401087989
401088011
401088042
401087970
401087947
401087913
401088043
401088015
401087996
401087975
401088044
401087872
401088048
401121624
401121626
401088105
401087942
401087908
401088010
401087990
401087969
401088106
401087912
401087948
401087995
401088016
401088107
401087976
401087873
401121625
401121627
401087829
401087857
401087858
401087859
401087860
401087861
401087862
401087863
401087867
401087868
401087869
401087870
401087874
401087875
401098353
401088004
401087991
401087971
401088012
401087997
401087952
401087919
401121621
401087958
401087965
401087972
401087973
401087977
401087954
401087921
401121623
401087899
401083708
401086135
401087906
401087914
401087918
401087920
401087922
401093576
401093579
401087992
401087955
401087981
401087953
401087938
401086114
401083632
401083598
401083611
401083612
401083613
401083614
401083615
401083616
401083617
401083618
401083619
401083620
401083621
401083622
401083623
401083624
401083625
401083626
401121986
401083635
401083636
401083637
401083638
401083639
401083640
401083641
401083642
401083643
401083644
401083645
401083646
401083647
401083648
401083649
401121841
401121840
401123945
401089715
401089504
401083690
401083716
401083739
401083694
401083780
401083778
401083671
401083781
401083720
401083676
401083779
401083763
401121983
401083653
401083661
401083666
401083667
401083668
401083669
401083670
401083672
401083673
401083674
401083675
401083677
401121987
401083678
401083691
401083692
401083693
401083695
401083696
401083697
401083698
401083699
401083700
401083701
401121985
401083702
401083705
401083713
401083717
401083718
401083719
401083721
401083722
401083723
401083724
401121988
401083726
401083727
401083738
401083740
401083741
401083742
401083743
401083744
401121842
401089498
401086154
401083777
401083759
401083762
401121984
401083747
401083760
401083761
401083772
401086073
401086120
401086160
401086164
401086166
401086169
401086175
401086179
401086182
401086187
401086194
401086197
401086200
401086204
401086207
401086218
401086225
401086227
401086232
401121711
401086075
401086128
401086155
401086159
401086163
401086165
401086168
401086186
401086188
401086191
401086196
401086201
401118813
401086213
401086222
401086226
401086228
401086233
401086108
401102376
401086161
401086174
401086181
401086183
401086189
401086192
401086206
401086214
401086215
401086221
401086223
401086231
401121710
401086157
401086162
401086167
401086170
401086177
401086195
401086199
401086202
401086219
401086229
401086230
401121713
401121709
401121707
401086093
401086172
401086176
401086185
401086190
401086205
401086209
401086211
401086216
401086220
401121708
401086072
401086104
401086171
401086178
401086184
401086203
401086212
401086198
401086099
401086180
401086193
401086217
401086224
401121712
401086068
401086173
401086208
401086210
401086070
401086106
401123391
401124756
401125175
401125414
401125415
401125416
401123697
401123693
401123388
401123387
401123386
401082733
401123699
401123392
401123381
401123383
401123375
401123374
401123695
401124959
401083394
401123696
401123694
401123698
401123385
401123384
401123376
401124755
401124757
401125174
401124955
401124957
401125413
401124956
401123389
401123382
401124958
401125913
401125273
401125493
401124758
401123702
401123390
401124954
401124960